{
 "cells": [
  {
   "cell_type": "markdown",
   "metadata": {},
   "source": [
    "### SORTNG DATAFRAMES\n",
    "\n",
    "+ There is a Method to Sort Dataframes by its Index using `.sort_index().`\n",
    "+ This sorts row (axis = 0 by default) and can specify (axis = 1 to get sorted by columns)\n",
    "\n",
    "+ You can sort the Dataframes by Values by `.sort_values()` method."
   ]
  },
  {
   "cell_type": "code",
   "execution_count": 1,
   "metadata": {},
   "outputs": [],
   "source": [
    "import numpy as np\n",
    "import pandas as pd"
   ]
  },
  {
   "cell_type": "code",
   "execution_count": 13,
   "metadata": {},
   "outputs": [
    {
     "data": {
      "text/html": [
       "<div>\n",
       "<style scoped>\n",
       "    .dataframe tbody tr th:only-of-type {\n",
       "        vertical-align: middle;\n",
       "    }\n",
       "\n",
       "    .dataframe tbody tr th {\n",
       "        vertical-align: top;\n",
       "    }\n",
       "\n",
       "    .dataframe thead th {\n",
       "        text-align: right;\n",
       "    }\n",
       "</style>\n",
       "<table border=\"1\" class=\"dataframe\">\n",
       "  <thead>\n",
       "    <tr style=\"text-align: right;\">\n",
       "      <th></th>\n",
       "      <th>id</th>\n",
       "      <th>date</th>\n",
       "      <th>store_nbr</th>\n",
       "      <th>family</th>\n",
       "      <th>sales</th>\n",
       "      <th>onpromotion</th>\n",
       "    </tr>\n",
       "  </thead>\n",
       "  <tbody>\n",
       "    <tr>\n",
       "      <th>3</th>\n",
       "      <td>1945947</td>\n",
       "      <td>2016-01-01</td>\n",
       "      <td>1</td>\n",
       "      <td>BEVERAGES</td>\n",
       "      <td>0.000</td>\n",
       "      <td>0</td>\n",
       "    </tr>\n",
       "    <tr>\n",
       "      <th>9</th>\n",
       "      <td>1945953</td>\n",
       "      <td>2016-01-01</td>\n",
       "      <td>1</td>\n",
       "      <td>DELI</td>\n",
       "      <td>0.000</td>\n",
       "      <td>0</td>\n",
       "    </tr>\n",
       "    <tr>\n",
       "      <th>36</th>\n",
       "      <td>1945980</td>\n",
       "      <td>2016-01-01</td>\n",
       "      <td>10</td>\n",
       "      <td>BEVERAGES</td>\n",
       "      <td>0.000</td>\n",
       "      <td>0</td>\n",
       "    </tr>\n",
       "    <tr>\n",
       "      <th>42</th>\n",
       "      <td>1945986</td>\n",
       "      <td>2016-01-01</td>\n",
       "      <td>10</td>\n",
       "      <td>DELI</td>\n",
       "      <td>0.000</td>\n",
       "      <td>0</td>\n",
       "    </tr>\n",
       "    <tr>\n",
       "      <th>69</th>\n",
       "      <td>1946013</td>\n",
       "      <td>2016-01-01</td>\n",
       "      <td>11</td>\n",
       "      <td>BEVERAGES</td>\n",
       "      <td>0.000</td>\n",
       "      <td>0</td>\n",
       "    </tr>\n",
       "    <tr>\n",
       "      <th>...</th>\n",
       "      <td>...</td>\n",
       "      <td>...</td>\n",
       "      <td>...</td>\n",
       "      <td>...</td>\n",
       "      <td>...</td>\n",
       "      <td>...</td>\n",
       "    </tr>\n",
       "    <tr>\n",
       "      <th>1054854</th>\n",
       "      <td>3000798</td>\n",
       "      <td>2017-08-15</td>\n",
       "      <td>7</td>\n",
       "      <td>DELI</td>\n",
       "      <td>172.975</td>\n",
       "      <td>7</td>\n",
       "    </tr>\n",
       "    <tr>\n",
       "      <th>1054881</th>\n",
       "      <td>3000825</td>\n",
       "      <td>2017-08-15</td>\n",
       "      <td>8</td>\n",
       "      <td>BEVERAGES</td>\n",
       "      <td>3626.000</td>\n",
       "      <td>8</td>\n",
       "    </tr>\n",
       "    <tr>\n",
       "      <th>1054887</th>\n",
       "      <td>3000831</td>\n",
       "      <td>2017-08-15</td>\n",
       "      <td>8</td>\n",
       "      <td>DELI</td>\n",
       "      <td>276.639</td>\n",
       "      <td>8</td>\n",
       "    </tr>\n",
       "    <tr>\n",
       "      <th>1054914</th>\n",
       "      <td>3000858</td>\n",
       "      <td>2017-08-15</td>\n",
       "      <td>9</td>\n",
       "      <td>BEVERAGES</td>\n",
       "      <td>3530.000</td>\n",
       "      <td>26</td>\n",
       "    </tr>\n",
       "    <tr>\n",
       "      <th>1054920</th>\n",
       "      <td>3000864</td>\n",
       "      <td>2017-08-15</td>\n",
       "      <td>9</td>\n",
       "      <td>DELI</td>\n",
       "      <td>551.713</td>\n",
       "      <td>7</td>\n",
       "    </tr>\n",
       "  </tbody>\n",
       "</table>\n",
       "<p>63936 rows × 6 columns</p>\n",
       "</div>"
      ],
      "text/plain": [
       "              id        date  store_nbr     family     sales  onpromotion\n",
       "3        1945947  2016-01-01          1  BEVERAGES     0.000            0\n",
       "9        1945953  2016-01-01          1       DELI     0.000            0\n",
       "36       1945980  2016-01-01         10  BEVERAGES     0.000            0\n",
       "42       1945986  2016-01-01         10       DELI     0.000            0\n",
       "69       1946013  2016-01-01         11  BEVERAGES     0.000            0\n",
       "...          ...         ...        ...        ...       ...          ...\n",
       "1054854  3000798  2017-08-15          7       DELI   172.975            7\n",
       "1054881  3000825  2017-08-15          8  BEVERAGES  3626.000            8\n",
       "1054887  3000831  2017-08-15          8       DELI   276.639            8\n",
       "1054914  3000858  2017-08-15          9  BEVERAGES  3530.000           26\n",
       "1054920  3000864  2017-08-15          9       DELI   551.713            7\n",
       "\n",
       "[63936 rows x 6 columns]"
      ]
     },
     "execution_count": 13,
     "metadata": {},
     "output_type": "execute_result"
    }
   ],
   "source": [
    "retail = pd.read_csv(\"retail_2016_2017.csv\")\n",
    "retail.head()\n",
    "\n",
    "condition = retail.family.isin([\"BEVERAGES\",\"DELI\",\"DIARY\"])\n",
    "df = retail[condition]\n",
    "df"
   ]
  },
  {
   "cell_type": "code",
   "execution_count": 14,
   "metadata": {},
   "outputs": [
    {
     "data": {
      "text/html": [
       "<div>\n",
       "<style scoped>\n",
       "    .dataframe tbody tr th:only-of-type {\n",
       "        vertical-align: middle;\n",
       "    }\n",
       "\n",
       "    .dataframe tbody tr th {\n",
       "        vertical-align: top;\n",
       "    }\n",
       "\n",
       "    .dataframe thead th {\n",
       "        text-align: right;\n",
       "    }\n",
       "</style>\n",
       "<table border=\"1\" class=\"dataframe\">\n",
       "  <thead>\n",
       "    <tr style=\"text-align: right;\">\n",
       "      <th></th>\n",
       "      <th>id</th>\n",
       "      <th>date</th>\n",
       "      <th>store_nbr</th>\n",
       "      <th>family</th>\n",
       "      <th>sales</th>\n",
       "      <th>onpromotion</th>\n",
       "    </tr>\n",
       "  </thead>\n",
       "  <tbody>\n",
       "    <tr>\n",
       "      <th>3</th>\n",
       "      <td>1945947</td>\n",
       "      <td>2016-01-01</td>\n",
       "      <td>1</td>\n",
       "      <td>BEVERAGES</td>\n",
       "      <td>0.000</td>\n",
       "      <td>0</td>\n",
       "    </tr>\n",
       "    <tr>\n",
       "      <th>9</th>\n",
       "      <td>1945953</td>\n",
       "      <td>2016-01-01</td>\n",
       "      <td>1</td>\n",
       "      <td>DELI</td>\n",
       "      <td>0.000</td>\n",
       "      <td>0</td>\n",
       "    </tr>\n",
       "    <tr>\n",
       "      <th>36</th>\n",
       "      <td>1945980</td>\n",
       "      <td>2016-01-01</td>\n",
       "      <td>10</td>\n",
       "      <td>BEVERAGES</td>\n",
       "      <td>0.000</td>\n",
       "      <td>0</td>\n",
       "    </tr>\n",
       "    <tr>\n",
       "      <th>42</th>\n",
       "      <td>1945986</td>\n",
       "      <td>2016-01-01</td>\n",
       "      <td>10</td>\n",
       "      <td>DELI</td>\n",
       "      <td>0.000</td>\n",
       "      <td>0</td>\n",
       "    </tr>\n",
       "    <tr>\n",
       "      <th>69</th>\n",
       "      <td>1946013</td>\n",
       "      <td>2016-01-01</td>\n",
       "      <td>11</td>\n",
       "      <td>BEVERAGES</td>\n",
       "      <td>0.000</td>\n",
       "      <td>0</td>\n",
       "    </tr>\n",
       "    <tr>\n",
       "      <th>...</th>\n",
       "      <td>...</td>\n",
       "      <td>...</td>\n",
       "      <td>...</td>\n",
       "      <td>...</td>\n",
       "      <td>...</td>\n",
       "      <td>...</td>\n",
       "    </tr>\n",
       "    <tr>\n",
       "      <th>1054854</th>\n",
       "      <td>3000798</td>\n",
       "      <td>2017-08-15</td>\n",
       "      <td>7</td>\n",
       "      <td>DELI</td>\n",
       "      <td>172.975</td>\n",
       "      <td>7</td>\n",
       "    </tr>\n",
       "    <tr>\n",
       "      <th>1054881</th>\n",
       "      <td>3000825</td>\n",
       "      <td>2017-08-15</td>\n",
       "      <td>8</td>\n",
       "      <td>BEVERAGES</td>\n",
       "      <td>3626.000</td>\n",
       "      <td>8</td>\n",
       "    </tr>\n",
       "    <tr>\n",
       "      <th>1054887</th>\n",
       "      <td>3000831</td>\n",
       "      <td>2017-08-15</td>\n",
       "      <td>8</td>\n",
       "      <td>DELI</td>\n",
       "      <td>276.639</td>\n",
       "      <td>8</td>\n",
       "    </tr>\n",
       "    <tr>\n",
       "      <th>1054914</th>\n",
       "      <td>3000858</td>\n",
       "      <td>2017-08-15</td>\n",
       "      <td>9</td>\n",
       "      <td>BEVERAGES</td>\n",
       "      <td>3530.000</td>\n",
       "      <td>26</td>\n",
       "    </tr>\n",
       "    <tr>\n",
       "      <th>1054920</th>\n",
       "      <td>3000864</td>\n",
       "      <td>2017-08-15</td>\n",
       "      <td>9</td>\n",
       "      <td>DELI</td>\n",
       "      <td>551.713</td>\n",
       "      <td>7</td>\n",
       "    </tr>\n",
       "  </tbody>\n",
       "</table>\n",
       "<p>63936 rows × 6 columns</p>\n",
       "</div>"
      ],
      "text/plain": [
       "              id        date  store_nbr     family     sales  onpromotion\n",
       "3        1945947  2016-01-01          1  BEVERAGES     0.000            0\n",
       "9        1945953  2016-01-01          1       DELI     0.000            0\n",
       "36       1945980  2016-01-01         10  BEVERAGES     0.000            0\n",
       "42       1945986  2016-01-01         10       DELI     0.000            0\n",
       "69       1946013  2016-01-01         11  BEVERAGES     0.000            0\n",
       "...          ...         ...        ...        ...       ...          ...\n",
       "1054854  3000798  2017-08-15          7       DELI   172.975            7\n",
       "1054881  3000825  2017-08-15          8  BEVERAGES  3626.000            8\n",
       "1054887  3000831  2017-08-15          8       DELI   276.639            8\n",
       "1054914  3000858  2017-08-15          9  BEVERAGES  3530.000           26\n",
       "1054920  3000864  2017-08-15          9       DELI   551.713            7\n",
       "\n",
       "[63936 rows x 6 columns]"
      ]
     },
     "execution_count": 14,
     "metadata": {},
     "output_type": "execute_result"
    }
   ],
   "source": [
    "## sorting\n",
    "df.sort_index()"
   ]
  },
  {
   "cell_type": "code",
   "execution_count": 15,
   "metadata": {},
   "outputs": [
    {
     "data": {
      "text/html": [
       "<div>\n",
       "<style scoped>\n",
       "    .dataframe tbody tr th:only-of-type {\n",
       "        vertical-align: middle;\n",
       "    }\n",
       "\n",
       "    .dataframe tbody tr th {\n",
       "        vertical-align: top;\n",
       "    }\n",
       "\n",
       "    .dataframe thead th {\n",
       "        text-align: right;\n",
       "    }\n",
       "</style>\n",
       "<table border=\"1\" class=\"dataframe\">\n",
       "  <thead>\n",
       "    <tr style=\"text-align: right;\">\n",
       "      <th></th>\n",
       "      <th>id</th>\n",
       "      <th>date</th>\n",
       "      <th>store_nbr</th>\n",
       "      <th>family</th>\n",
       "      <th>sales</th>\n",
       "      <th>onpromotion</th>\n",
       "    </tr>\n",
       "  </thead>\n",
       "  <tbody>\n",
       "    <tr>\n",
       "      <th>1054920</th>\n",
       "      <td>3000864</td>\n",
       "      <td>2017-08-15</td>\n",
       "      <td>9</td>\n",
       "      <td>DELI</td>\n",
       "      <td>551.713</td>\n",
       "      <td>7</td>\n",
       "    </tr>\n",
       "    <tr>\n",
       "      <th>1054914</th>\n",
       "      <td>3000858</td>\n",
       "      <td>2017-08-15</td>\n",
       "      <td>9</td>\n",
       "      <td>BEVERAGES</td>\n",
       "      <td>3530.000</td>\n",
       "      <td>26</td>\n",
       "    </tr>\n",
       "    <tr>\n",
       "      <th>1054887</th>\n",
       "      <td>3000831</td>\n",
       "      <td>2017-08-15</td>\n",
       "      <td>8</td>\n",
       "      <td>DELI</td>\n",
       "      <td>276.639</td>\n",
       "      <td>8</td>\n",
       "    </tr>\n",
       "    <tr>\n",
       "      <th>1054881</th>\n",
       "      <td>3000825</td>\n",
       "      <td>2017-08-15</td>\n",
       "      <td>8</td>\n",
       "      <td>BEVERAGES</td>\n",
       "      <td>3626.000</td>\n",
       "      <td>8</td>\n",
       "    </tr>\n",
       "    <tr>\n",
       "      <th>1054854</th>\n",
       "      <td>3000798</td>\n",
       "      <td>2017-08-15</td>\n",
       "      <td>7</td>\n",
       "      <td>DELI</td>\n",
       "      <td>172.975</td>\n",
       "      <td>7</td>\n",
       "    </tr>\n",
       "    <tr>\n",
       "      <th>...</th>\n",
       "      <td>...</td>\n",
       "      <td>...</td>\n",
       "      <td>...</td>\n",
       "      <td>...</td>\n",
       "      <td>...</td>\n",
       "      <td>...</td>\n",
       "    </tr>\n",
       "    <tr>\n",
       "      <th>69</th>\n",
       "      <td>1946013</td>\n",
       "      <td>2016-01-01</td>\n",
       "      <td>11</td>\n",
       "      <td>BEVERAGES</td>\n",
       "      <td>0.000</td>\n",
       "      <td>0</td>\n",
       "    </tr>\n",
       "    <tr>\n",
       "      <th>42</th>\n",
       "      <td>1945986</td>\n",
       "      <td>2016-01-01</td>\n",
       "      <td>10</td>\n",
       "      <td>DELI</td>\n",
       "      <td>0.000</td>\n",
       "      <td>0</td>\n",
       "    </tr>\n",
       "    <tr>\n",
       "      <th>36</th>\n",
       "      <td>1945980</td>\n",
       "      <td>2016-01-01</td>\n",
       "      <td>10</td>\n",
       "      <td>BEVERAGES</td>\n",
       "      <td>0.000</td>\n",
       "      <td>0</td>\n",
       "    </tr>\n",
       "    <tr>\n",
       "      <th>9</th>\n",
       "      <td>1945953</td>\n",
       "      <td>2016-01-01</td>\n",
       "      <td>1</td>\n",
       "      <td>DELI</td>\n",
       "      <td>0.000</td>\n",
       "      <td>0</td>\n",
       "    </tr>\n",
       "    <tr>\n",
       "      <th>3</th>\n",
       "      <td>1945947</td>\n",
       "      <td>2016-01-01</td>\n",
       "      <td>1</td>\n",
       "      <td>BEVERAGES</td>\n",
       "      <td>0.000</td>\n",
       "      <td>0</td>\n",
       "    </tr>\n",
       "  </tbody>\n",
       "</table>\n",
       "<p>63936 rows × 6 columns</p>\n",
       "</div>"
      ],
      "text/plain": [
       "              id        date  store_nbr     family     sales  onpromotion\n",
       "1054920  3000864  2017-08-15          9       DELI   551.713            7\n",
       "1054914  3000858  2017-08-15          9  BEVERAGES  3530.000           26\n",
       "1054887  3000831  2017-08-15          8       DELI   276.639            8\n",
       "1054881  3000825  2017-08-15          8  BEVERAGES  3626.000            8\n",
       "1054854  3000798  2017-08-15          7       DELI   172.975            7\n",
       "...          ...         ...        ...        ...       ...          ...\n",
       "69       1946013  2016-01-01         11  BEVERAGES     0.000            0\n",
       "42       1945986  2016-01-01         10       DELI     0.000            0\n",
       "36       1945980  2016-01-01         10  BEVERAGES     0.000            0\n",
       "9        1945953  2016-01-01          1       DELI     0.000            0\n",
       "3        1945947  2016-01-01          1  BEVERAGES     0.000            0\n",
       "\n",
       "[63936 rows x 6 columns]"
      ]
     },
     "execution_count": 15,
     "metadata": {},
     "output_type": "execute_result"
    }
   ],
   "source": [
    "## sorting\n",
    "df.sort_index(ascending=False)"
   ]
  },
  {
   "cell_type": "code",
   "execution_count": 16,
   "metadata": {},
   "outputs": [
    {
     "data": {
      "text/html": [
       "<div>\n",
       "<style scoped>\n",
       "    .dataframe tbody tr th:only-of-type {\n",
       "        vertical-align: middle;\n",
       "    }\n",
       "\n",
       "    .dataframe tbody tr th {\n",
       "        vertical-align: top;\n",
       "    }\n",
       "\n",
       "    .dataframe thead th {\n",
       "        text-align: right;\n",
       "    }\n",
       "</style>\n",
       "<table border=\"1\" class=\"dataframe\">\n",
       "  <thead>\n",
       "    <tr style=\"text-align: right;\">\n",
       "      <th></th>\n",
       "      <th>date</th>\n",
       "      <th>family</th>\n",
       "      <th>id</th>\n",
       "      <th>onpromotion</th>\n",
       "      <th>sales</th>\n",
       "      <th>store_nbr</th>\n",
       "    </tr>\n",
       "  </thead>\n",
       "  <tbody>\n",
       "    <tr>\n",
       "      <th>3</th>\n",
       "      <td>2016-01-01</td>\n",
       "      <td>BEVERAGES</td>\n",
       "      <td>1945947</td>\n",
       "      <td>0</td>\n",
       "      <td>0.000</td>\n",
       "      <td>1</td>\n",
       "    </tr>\n",
       "    <tr>\n",
       "      <th>9</th>\n",
       "      <td>2016-01-01</td>\n",
       "      <td>DELI</td>\n",
       "      <td>1945953</td>\n",
       "      <td>0</td>\n",
       "      <td>0.000</td>\n",
       "      <td>1</td>\n",
       "    </tr>\n",
       "    <tr>\n",
       "      <th>36</th>\n",
       "      <td>2016-01-01</td>\n",
       "      <td>BEVERAGES</td>\n",
       "      <td>1945980</td>\n",
       "      <td>0</td>\n",
       "      <td>0.000</td>\n",
       "      <td>10</td>\n",
       "    </tr>\n",
       "    <tr>\n",
       "      <th>42</th>\n",
       "      <td>2016-01-01</td>\n",
       "      <td>DELI</td>\n",
       "      <td>1945986</td>\n",
       "      <td>0</td>\n",
       "      <td>0.000</td>\n",
       "      <td>10</td>\n",
       "    </tr>\n",
       "    <tr>\n",
       "      <th>69</th>\n",
       "      <td>2016-01-01</td>\n",
       "      <td>BEVERAGES</td>\n",
       "      <td>1946013</td>\n",
       "      <td>0</td>\n",
       "      <td>0.000</td>\n",
       "      <td>11</td>\n",
       "    </tr>\n",
       "    <tr>\n",
       "      <th>...</th>\n",
       "      <td>...</td>\n",
       "      <td>...</td>\n",
       "      <td>...</td>\n",
       "      <td>...</td>\n",
       "      <td>...</td>\n",
       "      <td>...</td>\n",
       "    </tr>\n",
       "    <tr>\n",
       "      <th>1054854</th>\n",
       "      <td>2017-08-15</td>\n",
       "      <td>DELI</td>\n",
       "      <td>3000798</td>\n",
       "      <td>7</td>\n",
       "      <td>172.975</td>\n",
       "      <td>7</td>\n",
       "    </tr>\n",
       "    <tr>\n",
       "      <th>1054881</th>\n",
       "      <td>2017-08-15</td>\n",
       "      <td>BEVERAGES</td>\n",
       "      <td>3000825</td>\n",
       "      <td>8</td>\n",
       "      <td>3626.000</td>\n",
       "      <td>8</td>\n",
       "    </tr>\n",
       "    <tr>\n",
       "      <th>1054887</th>\n",
       "      <td>2017-08-15</td>\n",
       "      <td>DELI</td>\n",
       "      <td>3000831</td>\n",
       "      <td>8</td>\n",
       "      <td>276.639</td>\n",
       "      <td>8</td>\n",
       "    </tr>\n",
       "    <tr>\n",
       "      <th>1054914</th>\n",
       "      <td>2017-08-15</td>\n",
       "      <td>BEVERAGES</td>\n",
       "      <td>3000858</td>\n",
       "      <td>26</td>\n",
       "      <td>3530.000</td>\n",
       "      <td>9</td>\n",
       "    </tr>\n",
       "    <tr>\n",
       "      <th>1054920</th>\n",
       "      <td>2017-08-15</td>\n",
       "      <td>DELI</td>\n",
       "      <td>3000864</td>\n",
       "      <td>7</td>\n",
       "      <td>551.713</td>\n",
       "      <td>9</td>\n",
       "    </tr>\n",
       "  </tbody>\n",
       "</table>\n",
       "<p>63936 rows × 6 columns</p>\n",
       "</div>"
      ],
      "text/plain": [
       "               date     family       id  onpromotion     sales  store_nbr\n",
       "3        2016-01-01  BEVERAGES  1945947            0     0.000          1\n",
       "9        2016-01-01       DELI  1945953            0     0.000          1\n",
       "36       2016-01-01  BEVERAGES  1945980            0     0.000         10\n",
       "42       2016-01-01       DELI  1945986            0     0.000         10\n",
       "69       2016-01-01  BEVERAGES  1946013            0     0.000         11\n",
       "...             ...        ...      ...          ...       ...        ...\n",
       "1054854  2017-08-15       DELI  3000798            7   172.975          7\n",
       "1054881  2017-08-15  BEVERAGES  3000825            8  3626.000          8\n",
       "1054887  2017-08-15       DELI  3000831            8   276.639          8\n",
       "1054914  2017-08-15  BEVERAGES  3000858           26  3530.000          9\n",
       "1054920  2017-08-15       DELI  3000864            7   551.713          9\n",
       "\n",
       "[63936 rows x 6 columns]"
      ]
     },
     "execution_count": 16,
     "metadata": {},
     "output_type": "execute_result"
    }
   ],
   "source": [
    "## sorting by columns \n",
    "df.sort_index(axis = 1)"
   ]
  },
  {
   "cell_type": "code",
   "execution_count": 21,
   "metadata": {},
   "outputs": [
    {
     "data": {
      "text/html": [
       "<div>\n",
       "<style scoped>\n",
       "    .dataframe tbody tr th:only-of-type {\n",
       "        vertical-align: middle;\n",
       "    }\n",
       "\n",
       "    .dataframe tbody tr th {\n",
       "        vertical-align: top;\n",
       "    }\n",
       "\n",
       "    .dataframe thead th {\n",
       "        text-align: right;\n",
       "    }\n",
       "</style>\n",
       "<table border=\"1\" class=\"dataframe\">\n",
       "  <thead>\n",
       "    <tr style=\"text-align: right;\">\n",
       "      <th></th>\n",
       "      <th>id</th>\n",
       "      <th>date</th>\n",
       "      <th>store_nbr</th>\n",
       "      <th>family</th>\n",
       "      <th>sales</th>\n",
       "      <th>onpromotion</th>\n",
       "    </tr>\n",
       "  </thead>\n",
       "  <tbody>\n",
       "    <tr>\n",
       "      <th>3</th>\n",
       "      <td>1945947</td>\n",
       "      <td>2016-01-01</td>\n",
       "      <td>1</td>\n",
       "      <td>BEVERAGES</td>\n",
       "      <td>0.000</td>\n",
       "      <td>0</td>\n",
       "    </tr>\n",
       "    <tr>\n",
       "      <th>9</th>\n",
       "      <td>1945953</td>\n",
       "      <td>2016-01-01</td>\n",
       "      <td>1</td>\n",
       "      <td>DELI</td>\n",
       "      <td>0.000</td>\n",
       "      <td>0</td>\n",
       "    </tr>\n",
       "    <tr>\n",
       "      <th>36</th>\n",
       "      <td>1945980</td>\n",
       "      <td>2016-01-01</td>\n",
       "      <td>10</td>\n",
       "      <td>BEVERAGES</td>\n",
       "      <td>0.000</td>\n",
       "      <td>0</td>\n",
       "    </tr>\n",
       "    <tr>\n",
       "      <th>42</th>\n",
       "      <td>1945986</td>\n",
       "      <td>2016-01-01</td>\n",
       "      <td>10</td>\n",
       "      <td>DELI</td>\n",
       "      <td>0.000</td>\n",
       "      <td>0</td>\n",
       "    </tr>\n",
       "    <tr>\n",
       "      <th>69</th>\n",
       "      <td>1946013</td>\n",
       "      <td>2016-01-01</td>\n",
       "      <td>11</td>\n",
       "      <td>BEVERAGES</td>\n",
       "      <td>0.000</td>\n",
       "      <td>0</td>\n",
       "    </tr>\n",
       "    <tr>\n",
       "      <th>...</th>\n",
       "      <td>...</td>\n",
       "      <td>...</td>\n",
       "      <td>...</td>\n",
       "      <td>...</td>\n",
       "      <td>...</td>\n",
       "      <td>...</td>\n",
       "    </tr>\n",
       "    <tr>\n",
       "      <th>1054854</th>\n",
       "      <td>3000798</td>\n",
       "      <td>2017-08-15</td>\n",
       "      <td>7</td>\n",
       "      <td>DELI</td>\n",
       "      <td>172.975</td>\n",
       "      <td>7</td>\n",
       "    </tr>\n",
       "    <tr>\n",
       "      <th>1054881</th>\n",
       "      <td>3000825</td>\n",
       "      <td>2017-08-15</td>\n",
       "      <td>8</td>\n",
       "      <td>BEVERAGES</td>\n",
       "      <td>3626.000</td>\n",
       "      <td>8</td>\n",
       "    </tr>\n",
       "    <tr>\n",
       "      <th>1054887</th>\n",
       "      <td>3000831</td>\n",
       "      <td>2017-08-15</td>\n",
       "      <td>8</td>\n",
       "      <td>DELI</td>\n",
       "      <td>276.639</td>\n",
       "      <td>8</td>\n",
       "    </tr>\n",
       "    <tr>\n",
       "      <th>1054914</th>\n",
       "      <td>3000858</td>\n",
       "      <td>2017-08-15</td>\n",
       "      <td>9</td>\n",
       "      <td>BEVERAGES</td>\n",
       "      <td>3530.000</td>\n",
       "      <td>26</td>\n",
       "    </tr>\n",
       "    <tr>\n",
       "      <th>1054920</th>\n",
       "      <td>3000864</td>\n",
       "      <td>2017-08-15</td>\n",
       "      <td>9</td>\n",
       "      <td>DELI</td>\n",
       "      <td>551.713</td>\n",
       "      <td>7</td>\n",
       "    </tr>\n",
       "  </tbody>\n",
       "</table>\n",
       "<p>63936 rows × 6 columns</p>\n",
       "</div>"
      ],
      "text/plain": [
       "              id        date  store_nbr     family     sales  onpromotion\n",
       "3        1945947  2016-01-01          1  BEVERAGES     0.000            0\n",
       "9        1945953  2016-01-01          1       DELI     0.000            0\n",
       "36       1945980  2016-01-01         10  BEVERAGES     0.000            0\n",
       "42       1945986  2016-01-01         10       DELI     0.000            0\n",
       "69       1946013  2016-01-01         11  BEVERAGES     0.000            0\n",
       "...          ...         ...        ...        ...       ...          ...\n",
       "1054854  3000798  2017-08-15          7       DELI   172.975            7\n",
       "1054881  3000825  2017-08-15          8  BEVERAGES  3626.000            8\n",
       "1054887  3000831  2017-08-15          8       DELI   276.639            8\n",
       "1054914  3000858  2017-08-15          9  BEVERAGES  3530.000           26\n",
       "1054920  3000864  2017-08-15          9       DELI   551.713            7\n",
       "\n",
       "[63936 rows x 6 columns]"
      ]
     },
     "execution_count": 21,
     "metadata": {},
     "output_type": "execute_result"
    }
   ],
   "source": [
    "### sort by values\n",
    "df.sort_values(\"id\")"
   ]
  },
  {
   "cell_type": "code",
   "execution_count": 22,
   "metadata": {},
   "outputs": [
    {
     "data": {
      "text/html": [
       "<div>\n",
       "<style scoped>\n",
       "    .dataframe tbody tr th:only-of-type {\n",
       "        vertical-align: middle;\n",
       "    }\n",
       "\n",
       "    .dataframe tbody tr th {\n",
       "        vertical-align: top;\n",
       "    }\n",
       "\n",
       "    .dataframe thead th {\n",
       "        text-align: right;\n",
       "    }\n",
       "</style>\n",
       "<table border=\"1\" class=\"dataframe\">\n",
       "  <thead>\n",
       "    <tr style=\"text-align: right;\">\n",
       "      <th></th>\n",
       "      <th>id</th>\n",
       "      <th>date</th>\n",
       "      <th>store_nbr</th>\n",
       "      <th>family</th>\n",
       "      <th>sales</th>\n",
       "      <th>onpromotion</th>\n",
       "    </tr>\n",
       "  </thead>\n",
       "  <tbody>\n",
       "    <tr>\n",
       "      <th>3</th>\n",
       "      <td>1945947</td>\n",
       "      <td>2016-01-01</td>\n",
       "      <td>1</td>\n",
       "      <td>BEVERAGES</td>\n",
       "      <td>0.000</td>\n",
       "      <td>0</td>\n",
       "    </tr>\n",
       "    <tr>\n",
       "      <th>435537</th>\n",
       "      <td>2381481</td>\n",
       "      <td>2016-09-01</td>\n",
       "      <td>3</td>\n",
       "      <td>BEVERAGES</td>\n",
       "      <td>6858.000</td>\n",
       "      <td>23</td>\n",
       "    </tr>\n",
       "    <tr>\n",
       "      <th>837147</th>\n",
       "      <td>2783091</td>\n",
       "      <td>2017-04-15</td>\n",
       "      <td>48</td>\n",
       "      <td>BEVERAGES</td>\n",
       "      <td>7284.000</td>\n",
       "      <td>33</td>\n",
       "    </tr>\n",
       "    <tr>\n",
       "      <th>435504</th>\n",
       "      <td>2381448</td>\n",
       "      <td>2016-09-01</td>\n",
       "      <td>29</td>\n",
       "      <td>BEVERAGES</td>\n",
       "      <td>2606.000</td>\n",
       "      <td>29</td>\n",
       "    </tr>\n",
       "    <tr>\n",
       "      <th>435471</th>\n",
       "      <td>2381415</td>\n",
       "      <td>2016-09-01</td>\n",
       "      <td>28</td>\n",
       "      <td>BEVERAGES</td>\n",
       "      <td>3850.000</td>\n",
       "      <td>19</td>\n",
       "    </tr>\n",
       "    <tr>\n",
       "      <th>...</th>\n",
       "      <td>...</td>\n",
       "      <td>...</td>\n",
       "      <td>...</td>\n",
       "      <td>...</td>\n",
       "      <td>...</td>\n",
       "      <td>...</td>\n",
       "    </tr>\n",
       "    <tr>\n",
       "      <th>468906</th>\n",
       "      <td>2414850</td>\n",
       "      <td>2016-09-20</td>\n",
       "      <td>16</td>\n",
       "      <td>DELI</td>\n",
       "      <td>156.000</td>\n",
       "      <td>4</td>\n",
       "    </tr>\n",
       "    <tr>\n",
       "      <th>468939</th>\n",
       "      <td>2414883</td>\n",
       "      <td>2016-09-20</td>\n",
       "      <td>17</td>\n",
       "      <td>DELI</td>\n",
       "      <td>472.000</td>\n",
       "      <td>4</td>\n",
       "    </tr>\n",
       "    <tr>\n",
       "      <th>468972</th>\n",
       "      <td>2414916</td>\n",
       "      <td>2016-09-20</td>\n",
       "      <td>18</td>\n",
       "      <td>DELI</td>\n",
       "      <td>0.000</td>\n",
       "      <td>0</td>\n",
       "    </tr>\n",
       "    <tr>\n",
       "      <th>469038</th>\n",
       "      <td>2414982</td>\n",
       "      <td>2016-09-20</td>\n",
       "      <td>2</td>\n",
       "      <td>DELI</td>\n",
       "      <td>215.492</td>\n",
       "      <td>2</td>\n",
       "    </tr>\n",
       "    <tr>\n",
       "      <th>1054920</th>\n",
       "      <td>3000864</td>\n",
       "      <td>2017-08-15</td>\n",
       "      <td>9</td>\n",
       "      <td>DELI</td>\n",
       "      <td>551.713</td>\n",
       "      <td>7</td>\n",
       "    </tr>\n",
       "  </tbody>\n",
       "</table>\n",
       "<p>63936 rows × 6 columns</p>\n",
       "</div>"
      ],
      "text/plain": [
       "              id        date  store_nbr     family     sales  onpromotion\n",
       "3        1945947  2016-01-01          1  BEVERAGES     0.000            0\n",
       "435537   2381481  2016-09-01          3  BEVERAGES  6858.000           23\n",
       "837147   2783091  2017-04-15         48  BEVERAGES  7284.000           33\n",
       "435504   2381448  2016-09-01         29  BEVERAGES  2606.000           29\n",
       "435471   2381415  2016-09-01         28  BEVERAGES  3850.000           19\n",
       "...          ...         ...        ...        ...       ...          ...\n",
       "468906   2414850  2016-09-20         16       DELI   156.000            4\n",
       "468939   2414883  2016-09-20         17       DELI   472.000            4\n",
       "468972   2414916  2016-09-20         18       DELI     0.000            0\n",
       "469038   2414982  2016-09-20          2       DELI   215.492            2\n",
       "1054920  3000864  2017-08-15          9       DELI   551.713            7\n",
       "\n",
       "[63936 rows x 6 columns]"
      ]
     },
     "execution_count": 22,
     "metadata": {},
     "output_type": "execute_result"
    }
   ],
   "source": [
    "df.sort_values(\"family\")"
   ]
  },
  {
   "cell_type": "code",
   "execution_count": 23,
   "metadata": {},
   "outputs": [
    {
     "data": {
      "text/html": [
       "<div>\n",
       "<style scoped>\n",
       "    .dataframe tbody tr th:only-of-type {\n",
       "        vertical-align: middle;\n",
       "    }\n",
       "\n",
       "    .dataframe tbody tr th {\n",
       "        vertical-align: top;\n",
       "    }\n",
       "\n",
       "    .dataframe thead th {\n",
       "        text-align: right;\n",
       "    }\n",
       "</style>\n",
       "<table border=\"1\" class=\"dataframe\">\n",
       "  <thead>\n",
       "    <tr style=\"text-align: right;\">\n",
       "      <th></th>\n",
       "      <th>id</th>\n",
       "      <th>date</th>\n",
       "      <th>store_nbr</th>\n",
       "      <th>family</th>\n",
       "      <th>sales</th>\n",
       "      <th>onpromotion</th>\n",
       "    </tr>\n",
       "  </thead>\n",
       "  <tbody>\n",
       "    <tr>\n",
       "      <th>3</th>\n",
       "      <td>1945947</td>\n",
       "      <td>2016-01-01</td>\n",
       "      <td>1</td>\n",
       "      <td>BEVERAGES</td>\n",
       "      <td>0.0</td>\n",
       "      <td>0</td>\n",
       "    </tr>\n",
       "    <tr>\n",
       "      <th>513780</th>\n",
       "      <td>2459724</td>\n",
       "      <td>2016-10-15</td>\n",
       "      <td>25</td>\n",
       "      <td>BEVERAGES</td>\n",
       "      <td>0.0</td>\n",
       "      <td>0</td>\n",
       "    </tr>\n",
       "    <tr>\n",
       "      <th>513786</th>\n",
       "      <td>2459730</td>\n",
       "      <td>2016-10-15</td>\n",
       "      <td>25</td>\n",
       "      <td>DELI</td>\n",
       "      <td>0.0</td>\n",
       "      <td>0</td>\n",
       "    </tr>\n",
       "    <tr>\n",
       "      <th>643074</th>\n",
       "      <td>2589018</td>\n",
       "      <td>2016-12-27</td>\n",
       "      <td>52</td>\n",
       "      <td>BEVERAGES</td>\n",
       "      <td>0.0</td>\n",
       "      <td>0</td>\n",
       "    </tr>\n",
       "    <tr>\n",
       "      <th>594966</th>\n",
       "      <td>2540910</td>\n",
       "      <td>2016-11-29</td>\n",
       "      <td>52</td>\n",
       "      <td>DELI</td>\n",
       "      <td>0.0</td>\n",
       "      <td>0</td>\n",
       "    </tr>\n",
       "    <tr>\n",
       "      <th>...</th>\n",
       "      <td>...</td>\n",
       "      <td>...</td>\n",
       "      <td>...</td>\n",
       "      <td>...</td>\n",
       "      <td>...</td>\n",
       "      <td>...</td>\n",
       "    </tr>\n",
       "    <tr>\n",
       "      <th>676734</th>\n",
       "      <td>2622678</td>\n",
       "      <td>2017-01-15</td>\n",
       "      <td>47</td>\n",
       "      <td>BEVERAGES</td>\n",
       "      <td>21928.0</td>\n",
       "      <td>51</td>\n",
       "    </tr>\n",
       "    <tr>\n",
       "      <th>653502</th>\n",
       "      <td>2599446</td>\n",
       "      <td>2017-01-02</td>\n",
       "      <td>45</td>\n",
       "      <td>BEVERAGES</td>\n",
       "      <td>22170.0</td>\n",
       "      <td>50</td>\n",
       "    </tr>\n",
       "    <tr>\n",
       "      <th>195495</th>\n",
       "      <td>2141439</td>\n",
       "      <td>2016-04-19</td>\n",
       "      <td>44</td>\n",
       "      <td>BEVERAGES</td>\n",
       "      <td>22770.0</td>\n",
       "      <td>11</td>\n",
       "    </tr>\n",
       "    <tr>\n",
       "      <th>198201</th>\n",
       "      <td>2144145</td>\n",
       "      <td>2016-04-21</td>\n",
       "      <td>20</td>\n",
       "      <td>BEVERAGES</td>\n",
       "      <td>24612.0</td>\n",
       "      <td>33</td>\n",
       "    </tr>\n",
       "    <tr>\n",
       "      <th>191931</th>\n",
       "      <td>2137875</td>\n",
       "      <td>2016-04-17</td>\n",
       "      <td>44</td>\n",
       "      <td>BEVERAGES</td>\n",
       "      <td>25413.0</td>\n",
       "      <td>10</td>\n",
       "    </tr>\n",
       "  </tbody>\n",
       "</table>\n",
       "<p>63936 rows × 6 columns</p>\n",
       "</div>"
      ],
      "text/plain": [
       "             id        date  store_nbr     family    sales  onpromotion\n",
       "3       1945947  2016-01-01          1  BEVERAGES      0.0            0\n",
       "513780  2459724  2016-10-15         25  BEVERAGES      0.0            0\n",
       "513786  2459730  2016-10-15         25       DELI      0.0            0\n",
       "643074  2589018  2016-12-27         52  BEVERAGES      0.0            0\n",
       "594966  2540910  2016-11-29         52       DELI      0.0            0\n",
       "...         ...         ...        ...        ...      ...          ...\n",
       "676734  2622678  2017-01-15         47  BEVERAGES  21928.0           51\n",
       "653502  2599446  2017-01-02         45  BEVERAGES  22170.0           50\n",
       "195495  2141439  2016-04-19         44  BEVERAGES  22770.0           11\n",
       "198201  2144145  2016-04-21         20  BEVERAGES  24612.0           33\n",
       "191931  2137875  2016-04-17         44  BEVERAGES  25413.0           10\n",
       "\n",
       "[63936 rows x 6 columns]"
      ]
     },
     "execution_count": 23,
     "metadata": {},
     "output_type": "execute_result"
    }
   ],
   "source": [
    "df.sort_values(\"sales\")"
   ]
  },
  {
   "cell_type": "code",
   "execution_count": 27,
   "metadata": {},
   "outputs": [
    {
     "data": {
      "text/html": [
       "<div>\n",
       "<style scoped>\n",
       "    .dataframe tbody tr th:only-of-type {\n",
       "        vertical-align: middle;\n",
       "    }\n",
       "\n",
       "    .dataframe tbody tr th {\n",
       "        vertical-align: top;\n",
       "    }\n",
       "\n",
       "    .dataframe thead th {\n",
       "        text-align: right;\n",
       "    }\n",
       "</style>\n",
       "<table border=\"1\" class=\"dataframe\">\n",
       "  <thead>\n",
       "    <tr style=\"text-align: right;\">\n",
       "      <th></th>\n",
       "      <th>store_nbr</th>\n",
       "      <th>sales</th>\n",
       "    </tr>\n",
       "  </thead>\n",
       "  <tbody>\n",
       "    <tr>\n",
       "      <th>1620</th>\n",
       "      <td>54</td>\n",
       "      <td>0.0</td>\n",
       "    </tr>\n",
       "    <tr>\n",
       "      <th>1626</th>\n",
       "      <td>54</td>\n",
       "      <td>0.0</td>\n",
       "    </tr>\n",
       "    <tr>\n",
       "      <th>652050</th>\n",
       "      <td>54</td>\n",
       "      <td>0.0</td>\n",
       "    </tr>\n",
       "    <tr>\n",
       "      <th>652056</th>\n",
       "      <td>54</td>\n",
       "      <td>0.0</td>\n",
       "    </tr>\n",
       "    <tr>\n",
       "      <th>1587</th>\n",
       "      <td>53</td>\n",
       "      <td>0.0</td>\n",
       "    </tr>\n",
       "    <tr>\n",
       "      <th>...</th>\n",
       "      <td>...</td>\n",
       "      <td>...</td>\n",
       "    </tr>\n",
